208211
380959
207958
223774
67574
66789
18570
208624
66248
320438
381903
102580
11764
11765
11767
11769
108012
11774
11775
11776
55946
64933
11777
11778
11840
56495
110616
26877
26878
93961
14595
53418
224727
27061
12068
14828
94192
12313
12317
12330
12757
74325
67300
12847
70349
50797
213827
59042
54161
56447
56358
59048
26965
13135
13200
67819
70377
13418
227697
57170
13478
13480
13481
68563
192193
108687
66967
66753
227619
50527
67475
14827
69940
66482
211446
20336
105504
75914
53413
102058
230904
53618
14423
171212
231050
271786
108148
14425
14426
241391
207839
108150
231605
212996
14376
107338
72077
106039
74105
260302
53334
14731
22027
12282
235416
66890
17155
17156
230815
140481
223455
17308
217664
17309
103534
67569
107895
57377
108124
59007
217365
18195
216440
18453
50873
241062
225651
18700
55981
67292
18701
433931
110417
329777
327942
67556
27392
56703
56176
14755
276846
78928
228812
230801
70325
72084
66268
239827
99011
217734
50907
56088
107047
66506
69666
53380
69077
66997
23997
59029
19185
66998
66413
17463
57296
67151
26440
19166
19167
26441
26442
26444
73677
19170
19171
73902
26445
26446
19172
19173
19175
19177
16913
16912
19324
270192
235442
19358
52710
54197
21762
70247
81910
66397
56529
66286
110379
227648
89867
20333
20334
77371
69162
53421
66212
20335
69276
140740
20338
28146
20438
20439
81500
21402
69019
66624
76687
20813
66384
24067
217337
66661
67398
20818
107513
66256
67437
20832
20441
20440
16430
68292
74732
100226
228960
71116
68159
56216
20909
56389
58244
53331
55943
74126
17979
245828
22059
27096
60409
66682
67091
78232
22201
66663
74153
66105
218793
67128
22213
140499
63958
22187
22230
320011
66435
268470
269523
109815
71446
107260
