GeneID
162
164
8907
1174
8905
8546
8120
8943
26985
10947
1176
10239
1211
1212
1213
26088
23062
23163
51560
8676
23673
8675
10228
8417
375
1314
1315
9276
372
11316
22820
22818
51226
8729
53407
9482
65264
10282
9527
79748
10960
8775
4905
10113
5861
51128
6396
9919
89866
9554
10484
10802
22872
6811
58485
7157
27095
51399
126003
79090
122553
56052
144245
440138
79087
79868
199857
10016
29880
29929
79053
79796
22845
1798
55065
10195
1603
1650
57171
8813
8818
54344
23193
10585
29954
5708
5707
3703
201595
4287
10134
8454
79139
91319
9695
55741
80267
26232
10299
55768
55666
5071
8624
56984
84262
389362
5682
5683
5684
5685
5686
5688
143471
5689
5690
5691
5692
5693
5694
5695
5696
5698
5699
122706
5716
5717
5718
5719
10213
5710
5711
9861
5713
5714
5715
5886
6048
6400
6477
6478
6500
84447
7317
79876
7318
7323
7325
7326
7327
118424
10277
7314
7353
7415
55829
55611
8708
8707
10317
2683
8704
56913
29071
2530
2589
55568
63917
114805
64409
2590
2591
8693
11227
11226
51809
26290
50614
9245
4121
10905
57134
4122
4245
4247
4248
11282
25834
4249
6487
6480
80055
5277
9488
5279
5281
54872
5283
9487
93183
23556
84720
51227
9091
128869
55650
284098
54965
84992
80235
8733
65258
10026
94005
51604
55763
55770
11336
60412
10640
23233
23265
149371
51762
3309
811
821
27248
11253
30001
56605
2923
7184
10525
7841
10956
5034
64374
56886
55757
415117
112755
6810
439
7917
801
64215
6238
23478
90701
29927
10952
23480
7095
11231
27230
28972
9789
60559
6727
6728
6729
6730
6731
6734
58477
6745
6746
6747
6748
8202
7485
