100752826
100755260
100759505
100759417
100768456
100755352
100759367
100770344
100689277
100751069
100770551
100754298
100758987
100767928
100756644
100755306
100754853
100756491
100766955
100757009
100773207
100767343
100753913
100758402
100757864
100762124
100774203
100758514
100758971
100689412
100763679
100769319
100761728
100689421
100772503
100774833
100756228
100761331
100689312
100755627
100772915
100765071
100770898
100764138
100752891
100758826
100759386
100760133
100752724
100689313
100755854
100766669
100762780
100756021
100762000
100766962
100758455
100758891
100769309
100754024
100757949
100770948
100756575
100773731
100753866
100771009
100770096
100754023
103160092
100773146
100773644
103158826
100768412
100769679
100753783
100766150
100755062
100768385
100689054
100774638
100772003
100767387
100755259
100761712
100689420
100689294
100689451
100752162
100755033
100764752
100762811
103158732
100751391
100752084
100754332
100770274
100773194
100757763
103158862
100768848
100689456
100753801
100755846
100762647
100759599
100770329
100754863
100764359
100774697
100761174
100763268
100758919
100773907
100750876
100758978
100756711
100774039
100769350
100769387
100751285
100767174
100756232
100771179
100769586
100769450
100771916
100751746
100767386
100751737
100765934
100760261
100751016
100773369
100767177
100772429
100764392
100750425
100759692
103161668
100768399
100751274
100761962
100764857
100768499
100757595
100757912
100751353
100774026
100773133
100757677
100765313
100769040
100762493
100770619
100760666
100766861
100757519
100765997
100768172
100771525
100689268
100773227
103161970
100768801
103159360
100761765
100766715
100755714
100689430
100689434
100689346
100761169
100751243
100751648
100763868
100768523
100758359
100768831
100764829
100767525
100753226
100765247
100757219
100751126
100762043
100764127
100773797
100774815
100767553
100770527
100761494
100764014
100682529
100753385
100689076
100768637
100760589
100760162
100771275
100689187
100689389
100761032
100773712
100768002
100772999
100764893
100765524
100760756
100752487
100764842
100751357
100774971
100752242
100769477
100689380
100770177
100759511
100761026
100752710
100750622
100766326
100689457
100761996
100761041
100765538
100770306
100755817
100756215
100750685
100769231
100757038
100754030
100764733
100771866
100689305
100689096
100689345
100767274
100756512
100763138
100764579
100689343
100773331
100689308
100689098
100758962
100689433
100751151
100773968
100762273
100768974
100754547
100754836
100761936
100763893
100771772
100751540
100768883
100752256
100769695
100767375
100768703
100772250
100769200
100775020
100772255
100762175
100755739
100753146
100761457
100753807
100756776
100760316
100760440
100758562
100767241
100767661
100758563
100759016
100751465
100773434
100754848
